G1	D	p	lam	q	tau
1	501	50	0	0	0
0.9999917435768321	501	50	0	0	16.88686394038963
0.9999834872218327	501	50	0	0	33.77372788077926
0.9999752309350008	501	50	0	0	50.66059182116889
0.9999669747163363	501	50	0	0	67.54745576155852
0.9999587185658391	501	50	0	0	84.43431970194816
0.9999504624835073	501	50	0	0	101.3211836423378
0.9999422064693411	501	50	0	0	118.2080475827274
0.9999339505233406	501	50	0	0	135.094911523117
0.9999256946455043	501	50	0	0	151.9817754635067
0.9999174388358333	501	50	0	0	168.8686394038963
0.999909183094325	501	50	0	0	185.7555033442859
0.9999009274209786	501	50	0	0	202.6423672846755
0.9998926718157958	501	50	0	0	219.5292312250652
0.9998844162787743	501	50	0	0	236.4160951654548
0.999876160809914	501	50	0	0	253.3029591058445
0.999867905409214	501	50	0	0	270.1898230462341
0.9998596500766751	501	50	0	0	287.0766869866237
0.9998513948122951	501	50	0	0	303.9635509270134
0.9998431396160744	501	50	0	0	320.8504148674029
0.9998348844880114	501	50	0	0	337.7372788077926
0.9998266294281075	501	50	0	0	354.6241427481822
0.9998183744363593	501	50	0	0	371.5110066885719
0.9998101195127685	501	50	0	0	388.3978706289615
0.9998018646573331	501	50	0	0	405.2847345693511
0.9997936098700545	501	50	0	0	422.1715985097408
0.9997853551509307	501	50	0	0	439.0584624501304
0.9997771004999607	501	50	0	0	455.94532639052
0.999768845917145	501	50	0	0	472.8321903309097
0.9997605914024831	501	50	0	0	489.7190542712993
0.9997523369559731	501	50	0	0	506.6059182116889
0.9997440825776158	501	50	0	0	523.4927821520785
0.9997358282674096	501	50	0	0	540.3796460924682
0.9997275740253556	501	50	0	0	557.2665100328578
0.9997193198514508	501	50	0	0	574.1533739732474
0.999711065745697	501	50	0	0	591.040237913637
0.9997028117080921	501	50	0	0	607.9271018540268
0.9996945577386357	501	50	0	0	624.8139657944163
0.9996863038373281	501	50	0	0	641.7008297348059
0.9996780500041681	501	50	0	0	658.5876936751956
0.9996697962391553	501	50	0	0	675.4745576155852
0.9996615425422881	501	50	0	0	692.3614215559749
0.9996532889135681	501	50	0	0	709.2482854963644
0.9996450353529939	501	50	0	0	726.1351494367541
0.9996367818605635	501	50	0	0	743.0220133771437
0.9996285284362775	501	50	0	0	759.9088773175333
0.9996202750801355	501	50	0	0	776.7957412579231
0.9996120217921373	501	50	0	0	793.6826051983127
0.9996037685722808	501	50	0	0	810.5694691387022
0.9995955154205669	501	50	0	0	827.4563330790919
0.9995872623369947	501	50	0	0	844.3431970194815
0.9995790093215629	501	50	0	0	861.2300609598711
0.9995707563742713	501	50	0	0	878.1169249002608
0.9995625034951208	501	50	0	0	895.0037888406504
0.9995542506841085	501	50	0	0	911.89065278104
0.9995459979412348	501	50	0	0	928.7775167214296
0.9995377452664999	501	50	0	0	945.6643806618193
0.9995294926599021	501	50	0	0	962.551244602209
0.9995212401214416	501	50	0	0	979.4381085425986
0.9995129876511163	501	50	0	0	996.3249724829882
0.9995047352489276	501	50	0	0	1013.211836423378
0.9994964829148749	501	50	0	0	1030.098700363767
0.9994882306489571	501	50	0	0	1046.985564304157
0.9994799784511731	501	50	0	0	1063.872428244547
0.9994717263215219	501	50	0	0	1080.759292184936
0.9994634742600051	501	50	0	0	1097.646156125326
0.9994552222666199	501	50	0	0	1114.533020065716
0.9994469703413661	501	50	0	0	1131.419884006105
0.9994387184842449	501	50	0	0	1148.306747946495
0.999430466695254	501	50	0	0	1165.193611886884
0.9994222149743934	501	50	0	0	1182.080475827274
0.9994139633216625	501	50	0	0	1198.967339767664
0.9994057117370606	501	50	0	0	1215.854203708054
0.9993974602205881	501	50	0	0	1232.741067648443
0.9993892087722425	501	50	0	0	1249.627931588833
0.9993809573920253	501	50	0	0	1266.514795529222
0.9993727060799346	501	50	0	0	1283.401659469612
0.9993644548359704	501	50	0	0	1300.288523410002
0.9993562036601318	501	50	0	0	1317.175387350391
0.9993479525524187	501	50	0	0	1334.062251290781
0.9993397015128289	501	50	0	0	1350.94911523117
0.9993314505413641	501	50	0	0	1367.83597917156
0.9993231996380236	501	50	0	0	1384.72284311195
0.9993149488028051	501	50	0	0	1401.609707052339
0.99930669803571	 501	50	0	0	1418.496570992729
0.9992984473367351	501	50	0	0	1435.383434933119
0.9992901967058824	501	50	0	0	1452.270298873508
0.9992819461431508	501	50	0	0	1469.157162813898
0.9992736956485373	501	50	0	0	1486.044026754287
0.9992654452220456	501	50	0	0	1502.930890694677
0.9992571948636725	501	50	0	0	1519.817754635067
0.9992489445734181	501	50	0	0	1536.704618575456
0.999240694351281	501	50	0	0	1553.591482515846
0.9992324441972606	501	50	0	0	1570.478346456236
0.9992241941113585	501	50	0	0	1587.365210396625
0.9992159440935713	501	50	0	0	1604.252074337015
0.9992076941439003	501	50	0	0	1621.138938277404
0.9991994442623434	501	50	0	0	1638.025802217794
0.9991911944489027	501	50	0	0	1654.912666158184
0.9991829447035752	501	50	0	0	1671.799530098574
0.9991746950263609	501	50	0	0	1688.686394038963
0.99916644541726	 501	50	0	0	1705.573257979353
0.9991581958762711	501	50	0	0	1722.460121919742
0.9991499464033924	501	50	0	0	1739.346985860132
0.9991416969986275	501	50	0	0	1756.233849800522
0.9991334476619709	501	50	0	0	1773.120713740911
0.999125198393426	501	50	0	0	1790.007577681301
0.9991169491929898	501	50	0	0	1806.89444162169
0.9991087000606625	501	50	0	0	1823.78130556208
0.9991004509964436	501	50	0	0	1840.66816950247
0.9990922020003324	501	50	0	0	1857.555033442859
0.9990839530723284	501	50	0	0	1874.441897383249
0.9990757042124316	501	50	0	0	1891.328761323639
0.9990674554206406	501	50	0	0	1908.215625264028
0.999059206696954	501	50	0	0	1925.102489204418
0.9990509580413734	501	50	0	0	1941.989353144807
0.9990427094538978	501	50	0	0	1958.876217085197
0.9990344609345247	501	50	0	0	1975.763081025587
0.9990262124832556	501	50	0	0	1992.649944965976
0.9990179641000888	501	50	0	0	2009.536808906366
0.9990097157850246	501	50	0	0	2026.423672846756
1	501	50	0	0	0
0.935265977975911	501	50	0	0	136879.7633957911
0.8747224495589357	501	50	0	0	273759.5267915823
0.8180981472443405	501	50	0	0	410639.2901873735
0.7651393637626189	501	50	0	0	547519.0535831646
0.7156088153375455	501	50	0	0	684398.8169789558
0.6692845785249173	501	50	0	0	821278.580374747
0.6259590958782559	501	50	0	0	958158.3437705381
0.5854382459794158	501	50	0	0	1095038.107166329
0.5475404736703066	501	50	0	0	1231917.870562121
0.5120959765880495	501	50	0	0	1368797.633957912
0.47894594436058	501	50	0	0	1505677.397353703
0.4479418470496392	501	50	0	0	1642557.160749494
0.4189447696568818	501	50	0	0	1779436.924145285
0.3918247897109093	501	50	0	0	1916316.687541076
0.3664603951439205	501	50	0	0	2053196.450936867
0.3427379398535894	501	50	0	0	2190076.214332658
0.3205511345066521	501	50	0	0	2326955.97772845
0.2998005703056941	501	50	0	0	2463835.741124241
0.2803932735844521	501	50	0	0	2600715.504520032
0.2622422892366916	501	50	0	0	2737595.267915823
0.2452662911094986	501	50	0	0	2874475.031311614
0.2293892176189591	501	50	0	0	3011354.794707405
0.2145399309535624	501	50	0	0	3148234.558103197
0.200651898338063	501	50	0	0	3285114.321498988
0.1876628939319454	501	50	0	0	3421994.084894779
0.1755147200230928	501	50	0	0	3558873.84829057
0.1641529462716266	501	50	0	0	3695753.611686361
0.1535266658323819	501	50	0	0	3832633.375082152
0.1435882672650615	501	50	0	0	3969513.138477944
0.1342932212095095	501	50	0	0	4106392.901873735
0.1255998808700167	501	50	0	0	4243272.665269526
0.1174692954155056	501	50	0	0	4380152.428665317
0.1098650354589173	501	50	0	0	4517032.192061109
0.1027530298337887	501	50	0	0	4653911.955456899
0.09610141293742978	501	50	0	0	4790791.71885269
0.08988038195571385	501	50	0	0	4927671.482248482
0.08406206333053701	501	50	0	0	5064551.245644273
0.07862038787139299	501	50	0	0	5201431.009040063
0.07353097395124576	501	50	0	0	5338310.772435855
0.06877101826399977	501	50	0	0	5475190.535831646
0.06431919365300826	501	50	0	0	5612070.299227437
0.06015555355442516	501	50	0	0	5748950.062623229
0.05626144262566846	501	50	0	0	5885829.82601902
0.05261941315953964	501	50	0	0	6022709.589414811
0.04921314690912466	501	50	0	0	6159589.352810603
0.0460273819731701	501	50	0	0	6296469.116206394
0.04304784441473897	501	50	0	0	6433348.879602185
0.04026118430625511	501	50	0	0	6570228.642997976
0.03765491591461274	501	50	0	0	6707108.406393766
0.03521736175845324	501	50	0	0	6843988.169789557
0.03293760028672412	501	50	0	0	6980867.933185349
0.03080541694428147	501	50	0	0	7117747.69658114
0.02881125840532825	501	50	0	0	7254627.459976931
0.02694618976913827	501	50	0	0	7391507.223372723
0.02520185452711736	501	50	0	0	7528386.986768514
0.02357043712108063	501	50	0	0	7665266.750164305
0.02204462792533902	501	50	0	0	7802146.513560097
0.02061759049567959	501	50	0	0	7939026.276955888
0.01928293093842479	501	50	0	0	8075906.040351678
0.01803466926234542	501	50	0	0	8212785.80374747
0.01686721258510393	501	50	0	0	8349665.567143261
0.01577533007410354	501	50	0	0	8486545.330539051
0.01475412950964317	501	50	0	0	8623425.093934843
0.01379903536500034	501	50	0	0	8760304.857330633
0.01290576830574702	501	50	0	0	8897184.620726425
0.01207032601599115	501	50	0	0	9034064.384122217
0.01128896526580797	501	50	0	0	9170944.147518007
0.01055818513963743	501	50	0	0	9307823.910913799
0.009874711350259928	501	50	0	0	9444703.674309589
0.009235481568217735	501	50	0	0	9581583.437705381
0.008637631700963207	501	50	0	0	9718463.201101173
0.008078483060188119	501	50	0	0	9855342.964496965
0.00755553035983542	501	50	0	0	9992222.727892755
0.007066430491104736	501	50	0	0	10129102.49128855
0.006608992024048937	501	50	0	0	10265982.25468434
0.006181165388793599	501	50	0	0	10402862.01808013
0.005781033692369786	501	50	0	0	10539741.78147592
0.005406804129998309	501	50	0	0	10676621.54487171
0.005056799952359519	501	50	0	0	10813501.3082675
0.004729452952865915	501	50	0	0	10950381.07166329
0.004423296441248483	501	50	0	0	11087260.83505908
0.004136958671997277	501	50	0	0	11224140.59845487
0.003869156698203453	501	50	0	0	11361020.36185067
0.003618690623281601	501	50	0	0	11497900.12524646
0.00338443822477072	501	50	0	0	11634779.88864225
0.00316534992618419	501	50	0	0	11771659.65203804
0.002960444094345024	501	50	0	0	11908539.41543383
0.002768802641136894	501	50	0	0	12045419.17882962
0.002589566909982257	501	50	0	0	12182298.94222541
0.002421933828595384	501	50	0	0	12319178.70562121
0.0022651523107912	501	50	0	0	12456058.469017
0.002118519891213179	501	50	0	0	12592938.23241279
0.00198137957791483	501	50	0	0	12729817.99580858
0.001853116908678228	501	50	0	0	12866697.75920437
0.001733157197897717	501	50	0	0	13003577.52260016
0.001620962961676272	501	50	0	0	13140457.28599595
0.001516031509613443	501	50	0	0	13277337.04939174
0.001417892692479052	501	50	0	0	13414216.81278753
0.001326106795694858	501	50	0	0	13551096.57618332
0.001240262569174405	501	50	0	0	13687976.33957911
0.001159975384704507	501	50	0	0	13824856.10297491
0.001084885512602501	501	50	0	0	13961735.8663707
0.001014656509935006	501	50	0	0	14098615.62976649
0.0009489737130729683	501	50	0	0	14235495.39316228
0.0008875428278300214	501	50	0	0	14372375.15655807
0.000830088610865257	501	50	0	0	14509254.91995386
0.0007763536364472671	501	50	0	0	14646134.68334965
0.0007260971430465513	501	50	0	0	14783014.44674545
0.0006790939545963064	501	50	0	0	14919894.21014124
0.0006351334715821984	501	50	0	0	15056773.97353703
0.0005940187274438798	501	50	0	0	15193653.73693282
0.000555565506058369	501	50	0	0	15330533.50032861
0.0005196015163529099	501	50	0	0	15467413.2637244
0.0004859656203492068	501	50	0	0	15604293.02712019
0.0004545071111779861	501	50	0	0	15741172.79051598
0.0004250850378324874	501	50	0	0	15878052.55391178
0.0003975675736308714	501	50	0	0	16014932.31730757
0.0003718314255631489	501	50	0	0	16151812.08070336
0.0003477612818712002	501	50	0	0	16288691.84409915
0.0003252492953911306	501	50	0	0	16425571.60749494
1.000000000000001	501	50	0.5	0	0
0.9665264571368655	501	50	0.5	0	136879.7633957911
0.9340418244131978	501	50	0.5	0	273759.5267915823
0.9026489893901707	501	50	0.5	0	410639.2901873735
0.8723112571096838	501	50	0.5	0	547519.0535831646
0.8429931659197033	501	50	0.5	0	684398.8169789558
0.8146604460225738	501	50	0.5	0	821278.580374747
0.7872799794167307	501	50	0.5	0	958158.3437705381
0.7608197611858321	501	50	0.5	0	1095038.107166329
0.7352488620880272	501	50	0.5	0	1231917.870562121
0.7105373924031573	501	50	0.5	0	1368797.633957912
0.6866564669944775	501	50	0.5	0	1505677.397353703
0.6635781715451137	501	50	0.5	0	1642557.160749494
0.6412755299289983	501	50	0.5	0	1779436.924145285
0.6197224726789622	501	50	0.5	0	1916316.687541076
0.5988938065136582	501	50	0.5	0	2053196.450936867
0.5787651848900441	501	50	0.5	0	2190076.214332658
0.5593130795434681	501	50	0.5	0	2326955.97772845
0.5405147529873026	501	50	0.5	0	2463835.741124241
0.5223482319336628	501	50	0.5	0	2600715.504520032
0.5047922816097186	501	50	0.5	0	2737595.267915823
0.4878263809364833	501	50	0.5	0	2874475.031311614
0.4714306985413056	501	50	0.5	0	3011354.794707405
0.4555860695776425	501	50	0.5	0	3148234.558103197
0.4402739733232323	501	50	0.5	0	3285114.321498988
0.4254765115304026	501	50	0.5	0	3421994.084894779
0.4111763875063778	501	50	0.5	0	3558873.84829057
0.3973568858941401	501	50	0.5	0	3695753.611686361
0.3840018531340718	501	50	0.5	0	3832633.375082152
0.3710956785827939	501	50	0.5	0	3969513.138477944
0.3586232762651354	501	50	0.5	0	4106392.901873735
0.3465700672404657	501	50	0.5	0	4243272.665269526
0.3349219625618238	501	50	0.5	0	4380152.428665317
0.3236653468069461	501	50	0.5	0	4517032.192061109
0.3127870621631418	501	50	0.5	0	4653911.955456899
0.3022743930476502	501	50	0.5	0	4790791.71885269
0.2921150512442336	501	50	0.5	0	4927671.482248482
0.2822971615395444	501	50	0.5	0	5064551.245644273
0.2728092478420622	501	50	0.5	0	5201431.009040063
0.2636402197679578	501	50	0.5	0	5338310.772435855
0.2547793596775463	501	50	0.5	0	5475190.535831646
0.2462163101472126	501	50	0.5	0	5612070.299227437
0.2379410618632634	501	50	0.5	0	5748950.062623229
0.2299439419214772	501	50	0.5	0	5885829.82601902
0.2222156025208638	501	50	0.5	0	6022709.589414811
0.2147470100367462	501	50	0.5	0	6159589.352810603
0.2075294344617896	501	50	0.5	0	6296469.116206394
0.2005544392010986	501	50	0.5	0	6433348.879602185
0.1938138712109297	501	50	0.5	0	6570228.642997976
0.187299851468721	501	50	0.5	0	6707108.406393766
0.181004765763335	501	50	0.5	0	6843988.169789557
0.1749212557945116	501	50	0.5	0	6980867.933185349
0.1690422105721514	501	50	0.5	0	7117747.69658114
0.1633607581041297	501	50	0.5	0	7254627.459976931
0.1578702573637143	501	50	0.5	0	7391507.223372723
0.1525642905268007	501	50	0.5	0	7528386.986768514
0.1474366554703643	501	50	0.5	0	7665266.750164305
0.1424813585226312	501	50	0.5	0	7802146.513560097
0.1376926074569384	501	50	0.5	0	7939026.276955888
0.1330648047216804	501	50	0.5	0	8075906.040351678
0.1285925408969852	501	50	0.5	0	8212785.80374747
0.1242705883717772	501	50	0.5	0	8349665.567143261
0.120093895233259	501	50	0.5	0	8486545.330539051
0.1160575793618659	501	50	0.5	0	8623425.093934843
0.1121569227243253	501	50	0.5	0	8760304.857330633
0.1083873658588649	501	50	0.5	0	8897184.620726425
0.1047445025457474	501	50	0.5	0	9034064.384122217
0.101224074656842	501	50	0.5	0	9170944.147518007
0.09782196717829202	501	50	0.5	0	9307823.910913799
0.09453420340044302	501	50	0.5	0	9444703.674309589
0.091356940269539	501	50	0.5	0	9581583.437705381
0.0882864638955739	501	50	0.5	0	9718463.201101173
0.08531918521120538	501	50	0.5	0	9855342.964496965
0.08245163577639403	501	50	0.5	0	9992222.727892755
0.07968046372422384	501	50	0.5	0	10129102.49128855
0.07700242984295681	501	50	0.5	0	10265982.25468434
0.07441440378963253	501	50	0.5	0	10402862.01808013
0.07191336043108067	501	50	0.5	0	10539741.78147592
0.06949637630790864	501	50	0.5	0	10676621.54487171
0.0671606262171166	501	50	0.5	0	10813501.3082675
0.0649033799099418	501	50	0.5	0	10950381.07166329
0.06272199890029315	501	50	0.5	0	11087260.83505908
0.06061393338084419	501	50	0.5	0	11224140.59845487
0.05857671924222931	501	50	0.5	0	11361020.36185067
0.05660797519319824	501	50	0.5	0	11497900.12524646
0.05470539997676515	501	50	0.5	0	11634779.88864225
0.05286676968047715	501	50	0.5	0	11771659.65203804
0.05108993513685607	501	50	0.5	0	11908539.41543383
0.04937281941121888	501	50	0.5	0	12045419.17882962
0.04771341537395985	501	50	0.5	0	12182298.94222541
0.04610978335442466	501	50	0.5	0	12319178.70562121
0.04456004887361114	501	50	0.5	0	12456058.469017
0.04306240045321093	501	50	0.5	0	12592938.23241279
0.0416150874980677	501	50	0.5	0	12729817.99580858
0.04021641824991069	501	50	0.5	0	12866697.75920437
0.03886475780994482	501	50	0.5	0	13003577.52260016
0.03755852622775449	501	50	0.5	0	13140457.28599595
0.0362961966545341	501	50	0.5	0	13277337.04939174
0.03507629355838186	501	50	0.5	0	13414216.81278753
0.03389739099950267	501	50	0.5	0	13551096.57618332
0.03275811096347635	501	50	0.5	0	13687976.33957911
0.0316571217505066	501	50	0.5	0	13824856.10297491
0.03059313641874593	501	50	0.5	0	13961735.8663707
0.0295649112800669	501	50	0.5	0	14098615.62976649
0.02857124444629259	501	50	0.5	0	14235495.39316228
0.02761097442425482	501	50	0.5	0	14372375.15655807
0.02668297875823318	501	50	0.5	0	14509254.91995386
0.02578617271786768	501	50	0.5	0	14646134.68334965
0.02491950803021121	501	50	0.5	0	14783014.44674545
0.02408197165443575	501	50	0.5	0	14919894.21014124
0.02327258459764964	501	50	0.5	0	15056773.97353703
0.02249040077061182	501	50	0.5	0	15193653.73693282
0.02173450588182513	501	50	0.5	0	15330533.50032861
0.02100401636880192	501	50	0.5	0	15467413.2637244
0.02029807836531001	501	50	0.5	0	15604293.02712019
0.0196158667033007	501	50	0.5	0	15741172.79051598
0.01895658394832792	501	50	0.5	0	15878052.55391178
0.01831945946745988	501	50	0.5	0	16014932.31730757
0.0177037485284549	501	50	0.5	0	16151812.08070336
0.01710873142931001	501	50	0.5	0	16288691.84409915
0.01653371265694553	501	50	0.5	0	16425571.60749494
1	501	50	0	-1	0
0.9831588026188468	501	50	0	-1	136879.7633957911
0.9664963435345322	501	50	0	-1	273759.5267915823
0.950116277839718	501	50	0	-1	410639.2901873735
0.9340138195590444	501	50	0	-1	547519.0535831646
0.918184263837754	501	50	0	-1	684398.8169789558
0.9026229855519702	501	50	0	-1	821278.580374747
0.8873254379653868	501	50	0	-1	958158.3437705381
0.8722871514054374	501	50	0	-1	1095038.107166329
0.857503731948721	501	50	0	-1	1231917.870562121
0.8429708601350921	501	50	0	-1	1368797.633957912
0.8286842897135659	501	50	0	-1	1505677.397353703
0.814639846397612	501	50	0	-1	1642557.160749494
0.8008334266468791	501	50	0	-1	1779436.924145285
0.7872609964654285	501	50	0	-1	1916316.687541076
0.7739185902252214	501	50	0	-1	2053196.450936867
0.7608023095067196	501	50	0	-1	2190076.214332658
0.7479083219635366	501	50	0	-1	2326955.97772845
0.7352328601959027	501	50	0	-1	2463835.741124241
0.7227722206542863	501	50	0	-1	2600715.504520032
0.7105227625571698	501	50	0	-1	2737595.267915823
0.6984809068254721	501	50	0	-1	2874475.031311614
0.6866431350426835	501	50	0	-1	3011354.794707405
0.6750059884169189	501	50	0	-1	3148234.558103197
0.663566066773579	501	50	0	-1	3285114.321498988
0.652320027569292	501	50	0	-1	3421994.084894779
0.6412645849081223	501	50	0	-1	3558873.84829057
0.6303965085803446	501	50	0	-1	3695753.611686361
0.6197126231259201	501	50	0	-1	3832633.375082152
0.6092098068967665	501	50	0	-1	3969513.138477944
0.5988849911548795	501	50	0	-1	4106392.901873735
0.5887351591695764	501	50	0	-1	4243272.665269526
0.5787573453361253	501	50	0	-1	4380152.428665317
0.5689486343117202	501	50	0	-1	4517032.192061109
0.5593061601610027	501	50	0	-1	4653911.955456899
0.5498271055226903	501	50	0	-1	4790791.71885269
0.5405087007807354	501	50	0	-1	4927671.482248482
0.5313482232596797	501	50	0	-1	5064551.245644273
0.5223429964282635	501	50	0	-1	5201431.009040063
0.513490389115517	501	50	0	-1	5338310.772435855
0.5047878147439844	501	50	0	-1	5475190.535831646
0.4962327305723137	501	50	0	-1	5612070.299227437
0.4878226369566824	501	50	0	-1	5748950.062623229
0.4795550766121769	501	50	0	-1	5885829.82601902
0.4714276339041354	501	50	0	-1	6022709.589414811
0.4634379341316722	501	50	0	-1	6159589.352810603
0.4555836428458387	501	50	0	-1	6296469.116206394
0.4478624651619199	501	50	0	-1	6433348.879602185
0.4402721450809927	501	50	0	-1	6570228.642997976
0.4328104648495461	501	50	0	-1	6707108.406393766
0.4254752442904774	501	50	0	-1	6843988.169789557
0.4182643401815817	501	50	0	-1	6980867.933185349
0.411175645621939	501	50	0	-1	7117747.69658114
0.4042070894193333	501	50	0	-1	7254627.459976931
0.3973566354831485	501	50	0	-1	7391507.223372723
0.390622282229289	501	50	0	-1	7528386.986768514
0.3840020619978909	501	50	0	-1	7665266.750164305
0.3774940404766065	501	50	0	-1	7802146.513560097
0.3710963161348478	501	50	0	-1	7939026.276955888
0.3648070196675389	501	50	0	-1	8075906.040351678
0.3586243134530107	501	50	0	-1	8212785.80374747
0.3525463910121037	501	50	0	-1	8349665.567143261
0.3465714764817458	501	50	0	-1	8486545.330539051
0.3406978240958823	501	50	0	-1	8623425.093934843
0.3349237176762226	501	50	0	-1	8760304.857330633
0.3292474701288852	501	50	0	-1	8897184.620726425
0.3236674229536298	501	50	0	-1	9034064.384122217
0.3181819457582688	501	50	0	-1	9170944.147518007
0.3127894357815176	501	50	0	-1	9307823.910913799
0.3074883174260318	501	50	0	-1	9444703.674309589
0.3022770417966045	501	50	0	-1	9581583.437705381
0.2971540862505576	501	50	0	-1	9718463.201101173
0.2921179539483363	501	50	0	-1	9855342.964496965
0.2871671734210201	501	50	0	-1	9992222.727892755
0.2823002981369562	501	50	0	-1	10129102.49128855
0.2775159060792023	501	50	0	-1	10265982.25468434
0.2728125993318494	501	50	0	-1	10402862.01808013
0.2681890036708606	501	50	0	-1	10539741.78147592
0.2636437681625484	501	50	0	-1	10676621.54487171
0.2591755647671544	501	50	0	-1	10813501.3082675
0.254783087954395	501	50	0	-1	10950381.07166329
0.250465054318603	501	50	0	-1	11087260.83505908
0.2462202022067209	501	50	0	-1	11224140.59845487
0.2420472913455404	501	50	0	-1	11361020.36185067
0.2379451024845813	501	50	0	-1	11497900.12524646
0.2339124370358283	501	50	0	-1	11634779.88864225
0.229948116723846	501	50	0	-1	11771659.65203804
0.2260509832442251	501	50	0	-1	11908539.41543383
0.2222198979208004	501	50	0	-1	12045419.17882962
0.2184537413783571	501	50	0	-1	12182298.94222541
0.2147514132113446	501	50	0	-1	12319178.70562121
0.2111118316642968	501	50	0	-1	12456058.469017
0.2075339333142161	501	50	0	-1	12592938.23241279
0.2040166727617409	501	50	0	-1	12729817.99580858
0.2005590223253057	501	50	0	-1	12866697.75920437
0.1971599717395078	501	50	0	-1	13003577.52260016
0.1938185278609831	501	50	0	-1	13140457.28599595
0.1905337143786292	501	50	0	-1	13277337.04939174
0.1873045715266095	501	50	0	-1	13414216.81278753
0.1841301558053569	501	50	0	-1	13551096.57618332
0.1810095397064335	501	50	0	-1	13687976.33957911
0.1779418114396012	501	50	0	-1	13824856.10297491
0.1749260746694511	501	50	0	-1	13961735.8663707
0.1719614482495244	501	50	0	-1	14098615.62976649
0.1690470659673537	501	50	0	-1	14235495.39316228
0.1661820762917197	501	50	0	-1	14372375.15655807
0.1633656421222936	501	50	0	-1	14509254.91995386
0.1605969405462539	501	50	0	-1	14646134.68334965
0.1578751625966888	501	50	0	-1	14783014.44674545
0.155199513017838	501	50	0	-1	14919894.21014124
0.1525692100309999	501	50	0	-1	15056773.97353703
0.1499834851078309	501	50	0	-1	15193653.73693282
0.1474415827448455	501	50	0	-1	15330533.50032861
0.1449427602422385	501	50	0	-1	15467413.2637244
0.1424862874876594	501	50	0	-1	15604293.02712019
0.140071446742749	501	50	0	-1	15741172.79051598
0.1376975324329327	501	50	0	-1	15878052.55391178
0.1353638509419742	501	50	0	-1	16014932.31730757
0.1330697204088879	501	50	0	-1	16151812.08070336
0.1308144705283507	501	50	0	-1	16288691.84409915
0.1285974423564687	501	50	0	-1	16425571.60749494
1	501	50	0	-1	0
1.000000000000001	501	50	0.5	0	0
0.999999987859982	501	50	0	-1	16.88686394038963
0.9999999292596841	501	50	0.5	0	16.88686394038963
0.999999935975607	501	50	0	-1	33.77372788077926
0.9999997190670968	501	50	0.5	0	33.77372788077926
0.9999998517398306	501	50	0	-1	50.66059182116889
0.9999993805351652	501	50	0.5	0	50.66059182116889
0.9999997348670085	501	50	0	-1	67.54745576155852
0.9999989097746561	501	50	0.5	0	67.54745576155852
0.999999584856352	501	50	0	-1	84.43431970194816
0.9999983177039702	501	50	0.5	0	84.43431970194816
0.9999994009897866	501	50	0	-1	101.3211836423378
0.9999976002483925	501	50	0.5	0	101.3211836423378
0.9999991823439016	501	50	0	-1	118.2080475827274
0.9999967681420404	501	50	0.5	0	118.2080475827274
0.9999989352432663	501	50	0	-1	135.094911523117
0.9999958245819907	501	50	0.5	0	135.094911523117
0.9999986509156185	501	50	0	-1	151.9817754635067
0.999994772681031	501	50	0.5	0	151.9817754635067
0.999998342749423	501	50	0	-1	168.8686394038963
0.999993615469341	501	50	0.5	0	168.8686394038963
0.9999980015973717	501	50	0	-1	185.7555033442859
0.9999923558947251	501	50	0.5	0	185.7555033442859
0.9999976330330682	501	50	0	-1	202.6423672846755
0.9999909968271395	501	50	0.5	0	202.6423672846755
0.9999972350067964	501	50	0	-1	219.5292312250652
0.9999895410586577	501	50	0.5	0	219.5292312250652
0.9999968052999239	501	50	0	-1	236.4160951654548
0.999987998756672	501	50	0.5	0	236.4160951654548
0.9999963489799336	501	50	0	-1	253.3029591058445
0.9999863651140498	501	50	0.5	0	253.3029591058445
0.9999958635054892	501	50	0	-1	270.1898230462341
0.999984642700943	501	50	0.5	0	270.1898230462341
0.9999953536312454	501	50	0	-1	287.0766869866237
0.9999828414678325	501	50	0.5	0	287.0766869866237
0.9999948165120853	501	50	0	-1	303.9635509270134
0.9999809563955016	501	50	0.5	0	303.9635509270134
0.9999942491588331	501	50	0	-1	320.8504148674029
0.9999789972969499	501	50	0.5	0	320.8504148674029
0.9999936558911171	501	50	0	-1	337.7372788077926
0.9999769590184933	501	50	0.5	0	337.7372788077926
0.9999930408939915	501	50	0	-1	354.6241427481822
0.9999748512426448	501	50	0.5	0	354.6241427481822
0.9999924007704182	501	50	0	-1	371.5110066885719
0.9999726761376878	501	50	0.5	0	371.5110066885719
0.9999917319942604	501	50	0	-1	388.3978706289615
0.9999704283604471	501	50	0.5	0	388.3978706289615
0.999991038367618	501	50	0	-1	405.2847345693511
0.9999681174071029	501	50	0.5	0	405.2847345693511
0.999990323571738	501	50	0	-1	422.1715985097408
0.999965745264198	501	50	0.5	0	422.1715985097408
0.9999895837221071	501	50	0	-1	439.0584624501304
0.9999633064109074	501	50	0.5	0	439.0584624501304
0.9999888222721363	501	50	0	-1	455.94532639052
0.9999608101708332	501	50	0.5	0	455.94532639052
0.9999880351151257	501	50	0	-1	472.8321903309097
0.9999582583609246	501	50	0.5	0	472.8321903309097
0.9999556527447623	501	50	0.5	0	489.7190542712993
0.9999872329401732	501	50	0	-1	489.7190542712993
0.9999529950340353	501	50	0.5	0	506.6059182116889
0.999986403983976	501	50	0	-1	506.6059182116889
0.9999502794389898	501	50	0.5	0	523.4927821520785
0.9999855512843024	501	50	0	-1	523.4927821520785
0.9999475150202015	501	50	0.5	0	540.3796460924682
0.9999846777840594	501	50	0	-1	540.3796460924682
0.9999447033392804	501	50	0.5	0	557.2665100328578
0.9999837863330268	501	50	0	-1	557.2665100328578
0.9999418459108332	501	50	0.5	0	574.1533739732474
0.9999828722400848	501	50	0	-1	574.1533739732474
0.9999389442037415	501	50	0.5	0	591.040237913637
0.9999819381790518	501	50	0	-1	591.040237913637
0.9999359996414164	501	50	0.5	0	607.9271018540268
0.9999809867374764	501	50	0	-1	607.9271018540268
0.9999330136038714	501	50	0.5	0	624.8139657944163
0.9999800129745531	501	50	0	-1	624.8139657944163
0.9999299874287239	501	50	0.5	0	641.7008297348059
0.9999790267693187	501	50	0	-1	641.7008297348059
0.999926922412512	501	50	0.5	0	658.5876936751956
0.9999780155741975	501	50	0	-1	658.5876936751956
0.9999238123610593	501	50	0.5	0	675.4745576155852
0.999976989118742	501	50	0	-1	675.4745576155852
0.9999206659415193	501	50	0.5	0	692.3614215559749
0.9999759421601951	501	50	0	-1	692.3614215559749
0.9999174843329598	501	50	0.5	0	709.2482854963644
0.999974876836796	501	50	0	-1	709.2482854963644
0.9999142686778726	501	50	0.5	0	726.1351494367541
0.9999737952207497	501	50	0	-1	726.1351494367541
0.9999110200824931	501	50	0.5	0	743.0220133771437
0.9999726993179728	501	50	0	-1	743.0220133771437
0.9999077396183647	501	50	0.5	0	759.9088773175333
0.9999715836232624	501	50	0	-1	759.9088773175333
0.999904428323384	501	50	0.5	0	776.7957412579231
0.9999704500202422	501	50	0	-1	776.7957412579231
0.9999010872029936	501	50	0.5	0	793.6826051983127
0.9999693003333673	501	50	0	-1	793.6826051983127
0.9998977172298352	501	50	0.5	0	810.5694691387022
0.9999681363314349	501	50	0	-1	810.5694691387022
0.9998943193461889	501	50	0.5	0	827.4563330790919
0.9999669597273982	501	50	0	-1	827.4563330790919
0.9998908944644541	501	50	0.5	0	844.3431970194815
0.9999657647308445	501	50	0	-1	844.3431970194815
0.9998874434678844	501	50	0.5	0	861.2300609598711
0.9999645529506045	501	50	0	-1	861.2300609598711
0.9998839672114235	501	50	0.5	0	878.1169249002608
0.9999633259449583	501	50	0	-1	878.1169249002608
0.9998804665224649	501	50	0.5	0	895.0037888406504
0.9999620852239426	501	50	0	-1	895.0037888406504
0.9998769422021728	501	50	0.5	0	911.89065278104
0.9999608322518603	501	50	0	-1	911.89065278104
0.9998733950258973	501	50	0.5	0	928.7775167214296
0.999959560996793	501	50	0	-1	928.7775167214296
0.9998698257439556	501	50	0.5	0	945.6643806618193
0.9999582802840521	501	50	0	-1	945.6643806618193
0.9998662350825304	501	50	0.5	0	962.551244602209
0.9999569839955821	501	50	0	-1	962.551244602209
0.9998626237445138	501	50	0.5	0	979.4381085425986
0.9999556734232001	501	50	0	-1	979.4381085425986
0.9998589924098684	501	50	0.5	0	996.3249724829882
0.9999543498184713	501	50	0	-1	996.3249724829882
0.9998553417366518	501	50	0.5	0	1013.211836423378
0.9999530143947031	501	50	0	-1	1013.211836423378
0.9998516723615717	501	50	0.5	0	1030.098700363767
0.9999516608782084	501	50	0	-1	1030.098700363767
0.9998479849007152	501	50	0.5	0	1046.985564304157
0.9999502978598147	501	50	0	-1	1046.985564304157
0.9998442799502075	501	50	0.5	0	1063.872428244547
0.9999489264449997	501	50	0	-1	1063.872428244547
0.9998405580866994	501	50	0.5	0	1080.759292184936
0.9999475402555731	501	50	0	-1	1080.759292184936
0.9998368198680339	501	50	0.5	0	1097.646156125326
0.9999461403307452	501	50	0	-1	1097.646156125326
0.9998330658342333	501	50	0.5	0	1114.533020065716
0.9999447276781697	501	50	0	-1	1114.533020065716
0.9998292965072259	501	50	0.5	0	1131.419884006105
0.9999433032751024	501	50	0	-1	1131.419884006105
0.9998255123920522	501	50	0.5	0	1148.306747946495
0.9999418680689903	501	50	0	-1	1148.306747946495
0.9998217139773697	501	50	0.5	0	1165.193611886884
0.9999404229788359	501	50	0	-1	1165.193611886884
0.9998179017358697	501	50	0.5	0	1182.080475827274
0.9999389688955057	501	50	0	-1	1182.080475827274
0.9998140761246064	501	50	0.5	0	1198.967339767664
0.999937499233441	501	50	0	-1	1198.967339767664
0.9998102375857983	501	50	0.5	0	1215.854203708054
0.9999360222812339	501	50	0	-1	1215.854203708054
0.9998063865471035	501	50	0.5	0	1232.741067648443
0.9999345314020145	501	50	0	-1	1232.741067648443
0.9998025234222033	501	50	0.5	0	1249.627931588833
0.9999330348346992	501	50	0	-1	1249.627931588833
0.999798648611236	501	50	0.5	0	1266.514795529222
0.9999315258942434	501	50	0	-1	1266.514795529222
0.9997947625011334	501	50	0.5	0	1283.401659469612
0.9999300053222751	501	50	0	-1	1283.401659469612
0.9997908654661497	501	50	0.5	0	1300.288523410002
0.9999284738399898	501	50	0	-1	1300.288523410002
0.9997869578682951	501	50	0.5	0	1317.175387350391
0.9999269321459443	501	50	0	-1	1317.175387350391
0.9997830400575752	501	50	0.5	0	1334.062251290781
0.99992538091845	501	50	0	-1	1334.062251290781
0.9997791123725189	501	50	0.5	0	1350.94911523117
0.9999238208154613	501	50	0	-1	1350.94911523117
0.9997751751405314	501	50	0.5	0	1367.83597917156
0.9999222524754805	501	50	0	-1	1367.83597917156
0.9997712286782191	501	50	0.5	0	1384.72284311195
0.9999206765179877	501	50	0	-1	1384.72284311195
0.9997672732917731	501	50	0.5	0	1401.609707052339
0.9999190935445453	501	50	0	-1	1401.609707052339
0.9997633092772696	501	50	0.5	0	1418.496570992729
0.9999174966889366	501	50	0	-1	1418.496570992729
0.9997593369210349	501	50	0.5	0	1435.383434933119
0.9999158939672916	501	50	0	-1	1435.383434933119
0.9997553565000278	501	50	0.5	0	1452.270298873508
0.9999142859301283	501	50	0	-1	1452.270298873508
0.9997513682819124	501	50	0.5	0	1469.157162813898
0.9999126656611215	501	50	0	-1	1469.157162813898
0.9997473725255538	501	50	0.5	0	1486.044026754287
0.9999110411288468	501	50	0	-1	1486.044026754287
0.9997433694813576	501	50	0.5	0	1502.930890694677
0.9999094053865958	501	50	0	-1	1502.930890694677
0.9997393593914198	501	50	0.5	0	1519.817754635067
0.9999077589231727	501	50	0	-1	1519.817754635067
0.9997353424898192	501	50	0.5	0	1536.704618575456
0.9999061096628354	501	50	0	-1	1536.704618575456
0.9997313190028804	501	50	0.5	0	1553.591482515846
0.9999044506165448	501	50	0	-1	1553.591482515846
0.9997272891494694	501	50	0.5	0	1570.478346456236
0.9999027822316353	501	50	0	-1	1570.478346456236
0.9997232531412483	501	50	0.5	0	1587.365210396625
0.9999011049429073	501	50	0	-1	1587.365210396625
0.9997192111828268	501	50	0.5	0	1604.252074337015
0.9998994266224265	501	50	0	-1	1604.252074337015
0.9997151634720861	501	50	0.5	0	1621.138938277404
0.999897740230194	501	50	0	-1	1621.138938277404
0.9997111102003351	501	50	0.5	0	1638.025802217794
0.9998960461646916	501	50	0	-1	1638.025802217794
0.9997070515525974	501	50	0.5	0	1654.912666158184
0.9998943448127888	501	50	0	-1	1654.912666158184
0.9997029877076948	501	50	0.5	0	1671.799530098574
0.9998926365505131	501	50	0	-1	1671.799530098574
0.9996989188385874	501	50	0.5	0	1688.686394038963
0.9998909217430126	501	50	0	-1	1688.686394038963
0.9996948451124971	501	50	0.5	0	1705.573257979353
0.9998892007450978	501	50	0	-1	1705.573257979353
0.999690766691107	501	50	0.5	0	1722.460121919742
0.9998874739017927	501	50	0	-1	1722.460121919742
0.999686683730775	501	50	0.5	0	1739.346985860132
0.9998857415483388	501	50	0	-1	1739.346985860132
0.9996825963826093	501	50	0.5	0	1756.233849800522
0.9998839965606677	501	50	0	-1	1756.233849800522
0.9996785047927583	501	50	0.5	0	1773.120713740911
0.9998822467052476	501	50	0	-1	1773.120713740911
0.9996744091025693	501	50	0.5	0	1790.007577681301
0.9998804922896637	501	50	0	-1	1790.007577681301
0.9996703094486207	501	50	0.5	0	1806.89444162169
0.9998787336131498	501	50	0	-1	1806.89444162169
0.9996662059629838	501	50	0.5	0	1823.78130556208
0.9998769709665831	501	50	0	-1	1823.78130556208
0.9996620987733916	501	50	0.5	0	1840.66816950247
0.999875197182911	501	50	0	-1	1840.66816950247
0.9996579880033316	501	50	0.5	0	1857.555033442859
0.9998734199867971	501	50	0	-1	1857.555033442859
0.999653873772177	501	50	0.5	0	1874.441897383249
0.9998716396453338	501	50	0	-1	1874.441897383249
0.9996497561953445	501	50	0.5	0	1891.328761323639
0.9998698489689668	501	50	0	-1	1891.328761323639
0.9996456353844265	501	50	0.5	0	1908.215625264028
0.9998680556601599	501	50	0	-1	1908.215625264028
0.9996415114473486	501	50	0.5	0	1925.102489204418
0.9998662599648187	501	50	0	-1	1925.102489204418
0.9996373844884092	501	50	0.5	0	1941.989353144807
0.9998644546723964	501	50	0	-1	1941.989353144807
0.999633254608469	501	50	0.5	0	1958.876217085197
0.9998626474651644	501	50	0	-1	1958.876217085197
0.9996291219050474	501	50	0.5	0	1975.763081025587
0.9998608311194291	501	50	0	-1	1975.763081025587
0.9996249864724415	501	50	0.5	0	1992.649944965976
0.9998590133053172	501	50	0	-1	1992.649944965976
0.9996208484017927	501	50	0.5	0	2009.536808906366
0.9998571867873675	501	50	0	-1	2009.536808906366
0.9996167077812314	501	50	0.5	0	2026.423672846756
0.9998553592236132	501	50	0	-1	2026.423672846756